2.000000000000000042e-02 1.521553714704578297e+01 1.499999999999999944e-01
6.105263157894737225e-02 1.779469567010083964e+01 1.499999999999999944e-01
1.021052631578947406e-01 1.904484995688863336e+01 1.499999999999999944e-01
1.431578947368420951e-01 1.992032339127288765e+01 1.499999999999999944e-01
1.842105263157894635e-01 2.049915409879723072e+01 1.499999999999999944e-01
2.252631578947368318e-01 2.101317024376059095e+01 1.499999999999999944e-01
2.663157894736842279e-01 2.122782786949281686e+01 1.499999999999999944e-01
3.073684210526316241e-01 2.159513596442834427e+01 1.499999999999999944e-01
3.484210526315789647e-01 2.217587915495902706e+01 1.499999999999999944e-01
3.894736842105263053e-01 2.213438282156417714e+01 1.499999999999999944e-01
4.305263157894737014e-01 2.254938782297067945e+01 1.499999999999999944e-01
4.715789473684210975e-01 2.279452760198637407e+01 1.499999999999999944e-01
5.126315789473684381e-01 2.285614506109118693e+01 1.499999999999999944e-01
5.536842105263157787e-01 2.300516271509450661e+01 1.499999999999999944e-01
5.947368421052632304e-01 2.324114540767140014e+01 1.499999999999999944e-01
6.357894736842105710e-01 2.334310904209672088e+01 1.499999999999999944e-01
6.768421052631579116e-01 2.347785938952584672e+01 1.499999999999999944e-01
7.178947368421052522e-01 2.393613424279772417e+01 1.499999999999999944e-01
7.589473684210525928e-01 2.392182654573003120e+01 1.499999999999999944e-01
8.000000000000000444e-01 2.419859347933453009e+01 1.499999999999999944e-01
